Id,y
900,101.01455798503697
901,43.907169279508054
902,-41.89598532500057
903,-9.206085539571202
904,-62.90665222868171
905,-28.710900763377136
906,34.50387728645187
907,44.95785344954056
908,-55.85658714256935
909,169.186043546168
910,57.48747930694165
911,-102.79385986150318
912,9.784855535389948
913,-24.593319803156486
914,-1.992040613297398
915,12.73815682254412
916,-38.95627470180091
917,-17.976917859260592
918,67.49289289323951
919,-19.499273731151998
920,135.23848317855226
921,125.02938807842435
922,60.10953675341406
923,11.813100823080026
924,12.721680805110196
925,30.820747886600998
926,-36.61176881166064
927,13.66728776605758
928,-18.231833522827
929,-47.04815569761149
930,29.863239997742184
931,39.56781368371675
932,58.97284607000313
933,-60.70020389805168
934,2.95692547968849
935,26.819160102606304
936,-46.131274032037155
937,-16.73797168977337
938,-5.779514379648315
939,25.515563158188588
940,36.37800579206734
941,-13.785353171726097
942,-9.45880823714971
943,74.47243251259486
944,12.393474438405242
945,-38.10383974337566
946,33.37389812149083
947,28.159784617368395
948,-39.27625255833162
949,-17.440995739836634
950,62.74186028832794
951,-6.597979129383301
952,61.876278196016116
953,19.245530733980498
954,71.34062983164097
955,-18.731833017158518
956,30.116792349702287
957,-8.410359776314621
958,-54.30064995611285
959,2.712019807808364
960,-54.313899230151975
961,-23.078896650482715
962,6.036764835121996
963,-25.61710535082422
964,-33.8994495569186
965,73.31737412167938
966,-33.73591787375422
967,-21.393076007586547
968,14.903389532692895
969,13.482103232050662
970,-35.56155183183668
971,47.58405275195818
972,-13.608114603164129
973,-46.17152439485993
974,50.05475419488671
975,-38.21528763680044
976,0.3222010698405242
977,-8.546333799513466
978,38.15655382537779
979,-38.403460036207875
980,88.63058319991148
981,-104.4461976447133
982,-21.843888888857276
983,63.604504729714364
984,22.481423647623497
985,-28.989828794855068
986,34.18604591330005
987,-52.17018324740448
988,37.97526619732487
989,66.71315624783887
990,-12.015568714702415
991,-20.122361378362644
992,-51.62414878527625
993,56.85616094827972
994,-48.816155945239174
995,-12.75702937682858
996,45.383723260800366
997,-27.091980316396143
998,21.444590094722127
999,12.775210051281125
1000,-23.492652295041648
1001,85.01389556558243
1002,-37.04500358803536
1003,-3.1514486543088474
1004,-18.911725022649204
1005,12.250733926434226
1006,1.2922094872538281
1007,56.66232799684171
1008,-82.48283017898268
1009,17.742409310292185
1010,101.20575817058621
1011,-2.8047061090975056
1012,-58.37379363009089
1013,-68.10492945767763
1014,-36.76682876913273
1015,30.385537180597346
1016,-24.91924888109715
1017,-103.73302209171872
1018,-5.096160293599528
1019,0.6180438604947192
1020,-51.462837902053735
1021,-12.91469477559004
1022,9.003660012874224
1023,0.054685454673002454
1024,-43.33646343476768
1025,-13.194425633063599
1026,-77.3776588611466
1027,45.60695591789053
1028,69.5905555714339
1029,53.91604245671029
1030,-19.44419216804604
1031,6.2820826416947035
1032,-1.9767385505277666
1033,-56.5614829110655
1034,-71.55788680204822
1035,21.021937634598324
1036,3.479462646256824
1037,12.010594019479004
1038,-20.038831968557016
1039,60.50000556484318
1040,-43.02524426526425
1041,65.40769547259683
1042,13.695708300547931
1043,10.279563653709403
1044,-20.96070731794745
1045,7.965612344673634
1046,4.15593562744785
1047,-6.426443681075465
1048,-13.938842606694177
1049,-47.745383817972055
1050,-9.502332364778912
1051,-62.67774828811895
1052,-56.36903530581306
1053,7.66571161829652
1054,25.580519569869857
1055,2.9025068471247195
1056,-130.62400852757605
1057,-16.79560033300592
1058,-59.41864746961416
1059,54.76680532596073
1060,2.2670180290532507
1061,-45.02030970190795
1062,28.415097967026426
1063,4.0153975292467745
1064,-8.378213878668024
1065,-4.258523280851268
1066,86.960635743848
1067,-54.60923077346666
1068,57.19962278023314
1069,101.36516143643676
1070,39.753494249282966
1071,-33.489401135430526
1072,-28.6683793031177
1073,151.60059054649923
1074,2.0511049242900476
1075,50.67150184590673
1076,-37.2974355708574
1077,74.73326123593743
1078,-37.493680243625434
1079,-10.898145548655187
1080,22.228665247974124
1081,41.6666300910475
1082,8.033498169085249
1083,-6.532695886634237
1084,43.790781192281926
1085,41.05368253596363
1086,3.1978970587865163
1087,30.344078542307088
1088,10.276105113053491
1089,78.52792064258323
1090,-25.785621348686913
1091,-17.211005641074618
1092,-112.10159008658763
1093,-49.4472038318482
1094,-10.588244855779127
1095,54.57455966036862
1096,-8.544543612454355
1097,5.761437702412639
1098,22.65138246237823
1099,16.558878636253798
1100,74.05590790674474
1101,27.905938490192334
1102,-22.486106073874968
1103,36.05380002594683
1104,-9.33884828943846
1105,3.46559940940627
1106,-10.144376700918027
1107,55.380032394249795
1108,0.9230762077510093
1109,48.571183854871585
1110,-50.95809580045977
1111,-13.495818089500343
1112,-21.708700745642044
1113,-126.07002069783468
1114,55.67424339386504
1115,-51.518009398342116
1116,44.496267304544745
1117,-10.903816305387675
1118,-36.54754370854374
1119,7.43789120908335
1120,3.079489974379303
1121,40.73615235353384
1122,12.682424432394622
1123,-28.139466295313493
1124,22.297176107977567
1125,161.549001170612
1126,-24.250698475171614
1127,79.07350744046339
1128,-4.985021832027069
1129,47.66595506825458
1130,-14.944184076976487
1131,-29.74667306662813
1132,10.072932032705157
1133,-52.97186083883268
1134,16.144940552528375
1135,-9.53979085310014
1136,-7.69537993986005
1137,104.46571920183855
1138,6.649750347400669
1139,-55.279498245752464
1140,94.4542357027878
1141,41.267332491768244
1142,-6.976765428939725
1143,130.63586114786142
1144,19.149938008864527
1145,-19.070882624558227
1146,-45.10686386806819
1147,56.376652599304194
1148,168.41142651852326
1149,20.257527846379343
1150,9.873884647540478
1151,6.259371164804767
1152,-22.262998604886324
1153,17.9617983890817
1154,-12.534718018704627
1155,-26.10563851478064
1156,-3.1301556164527007
1157,55.78118894982052
1158,-33.418570201898206
1159,-0.7069378471565848
1160,-87.217459924591
1161,-81.99839018754896
1162,-2.2649222059266094
1163,20.85441524362807
1164,28.834020198485295
1165,28.810949133367156
1166,16.200873503342695
1167,76.20470903945515
1168,-5.576550524462309
1169,-79.73979755650585
1170,34.57865668649581
1171,33.342506922577996
1172,53.88840722982653
1173,46.625308162686
1174,-35.826444012125066
1175,39.51377226097303
1176,-93.29047457785435
1177,-1.7615451297821423
1178,146.9120474285
1179,70.53550737801521
1180,-16.803960436151325
1181,64.25830636282056
1182,-39.512329280936726
1183,46.68515154343514
1184,51.99691056629764
1185,109.53110097436561
1186,3.2455546513955795
1187,-32.462000508990016
1188,-2.810435224158784
1189,-24.320284065315487
1190,111.9209683825571
1191,15.346020177124114
1192,9.92406093833518
1193,51.88049020853077
1194,4.702217510395318
1195,45.98366522856381
1196,44.41441766388023
1197,12.282195630862308
1198,-4.548541102893118
1199,104.36268830658268
1200,34.00059731407757
1201,45.282318001239275
1202,33.7068271802594
1203,22.290205226465567
1204,18.48789936982247
1205,63.864598302901754
1206,29.42007373001278
1207,109.73766744604303
1208,-4.387934350049633
1209,41.20806102910052
1210,-17.603651996716547
1211,-14.830897456823774
1212,90.28682224065112
1213,27.49857040108869
1214,23.42442997140997
1215,91.78763794467659
1216,81.64448143246283
1217,143.25047881920455
1218,22.30611776479441
1219,20.77556111221097
1220,28.451397281412103
1221,32.953456075367484
1222,100.57729783605568
1223,-22.483099572572595
1224,-52.65295393032086
1225,53.725257079913476
1226,52.95974433350753
1227,-72.68632555005007
1228,-75.40763886886893
1229,47.40323353176946
1230,6.070751736527811
1231,13.851090565658797
1232,45.62032383757324
1233,-16.04079033766246
1234,95.91082588894953
1235,-85.45737148364145
1236,61.912128568881116
1237,-5.833728071137944
1238,-20.437107709786577
1239,175.36620660730824
1240,87.05122634154681
1241,-129.2601001510544
1242,35.34552136746842
1243,-5.021538611485891
1244,-8.27814743373304
1245,34.1011605904003
1246,13.436384721953761
1247,75.12309113611099
1248,-0.44753744335413614
1249,57.76986302550033
1250,60.782218067818604
1251,-33.033952024978575
1252,-22.888157205040496
1253,14.600629587187068
1254,10.737881625036607
1255,53.3550245620076
1256,-2.825113888542216
1257,42.279859320871026
1258,5.981884293641816
1259,55.640465151818134
1260,-4.776662776715622
1261,-38.902729500237
1262,-39.533516684967395
1263,-27.164444517720266
1264,-15.438822064333078
1265,-25.129464955877562
1266,-33.87202532909272
1267,-37.45079772738357
1268,13.317405718037076
1269,17.48029385078628
1270,2.608700328879099
1271,47.73562852316145
1272,41.463979654964334
1273,-12.255208150414777
1274,19.22744364691346
1275,-4.918874107321809
1276,44.472094402562774
1277,-20.478440833075677
1278,17.025850701513278
1279,-32.95356404924661
1280,-100.05199032108032
1281,85.53649366929234
1282,-32.83866856786565
1283,107.3231610889805
1284,23.428304797370913
1285,46.163773317636334
1286,-50.73705769003874
1287,33.79448642813266
1288,10.97069697872308
1289,-1.022807969018256
1290,-6.141014769760215
1291,19.883824428107946
1292,32.12811885887765
1293,24.361277849534886
1294,44.880275852546674
1295,14.391344937441769
1296,-32.2689912947985
1297,15.731449011605024
1298,-6.316023327018055
1299,54.50530927611075
1300,-10.414427467011905
1301,56.48941230932326
1302,46.68531975183779
1303,-18.46432785706209
1304,-70.24656054945697
1305,-19.770345987912822
1306,-92.79373784761303
1307,11.610525366000523
1308,2.7084012885518547
1309,-35.77922605662711
1310,89.34111852926745
1311,-52.446946300333025
1312,111.60403709611597
1313,-1.2980843636739756
1314,148.41184862047112
1315,-9.57295463351506
1316,12.88674143895233
1317,-11.03896293019622
1318,-42.32364636846262
1319,-16.552934927988527
1320,-2.5587819723673633
1321,98.3869425731271
1322,-50.82661993873094
1323,45.38643560148918
1324,26.3071289084872
1325,-76.30347445997648
1326,-21.231425585725145
1327,16.52970970376812
1328,78.96683668877459
1329,14.767043312766656
1330,-23.984810624981403
1331,52.637410668756615
1332,-1.0282056606565213
1333,-17.94973261129869
1334,-29.271176035451727
1335,60.471849502840016
1336,-17.15348620375735
1337,-76.21613158556187
1338,-3.4178804933687275
1339,26.789216337129826
1340,-24.754722918196183
1341,-34.17102556391522
1342,38.288562260444195
1343,135.20149737890745
1344,3.9583221301202833
1345,-16.613171914488166
1346,-32.28613873164676
1347,119.68168758959013
1348,68.96299182699643
1349,72.14836643433483
1350,3.2261993509059117
1351,-43.32248331785733
1352,25.793917950921333
1353,-11.406730459832172
1354,-9.322576546473844
1355,13.23774562082156
1356,118.68787078916151
1357,12.787626859297568
1358,-18.92032075937374
1359,-11.906274319685732
1360,1.994575369572285
1361,69.81192228649734
1362,-15.436797481293798
1363,58.02975034587739
1364,-62.943044904838075
1365,-60.0221748478769
1366,-18.400824490114832
1367,-36.00352778511329
1368,23.477811618476153
1369,-7.433230196199787
1370,-76.70021501611694
1371,113.48399661458852
1372,64.79429590279553
1373,34.32133641172333
1374,49.70827049417528
1375,52.36139298943148
1376,55.85778617425591
1377,-67.46856724316957
1378,-8.20810131372556
1379,20.89813559112821
1380,24.90747574425896
1381,18.290473739354116
1382,4.736802232369129
1383,4.664439034662848
1384,135.6529599017579
1385,-8.579363118588379
1386,-93.02098952077885
1387,-63.18530985568442
1388,20.147484373292595
1389,-16.94448341317874
1390,13.353495041163484
1391,-4.620658077374102
1392,35.88578935122466
1393,-9.609685211395554
1394,-4.49909422535962
1395,-67.77995758133922
1396,131.57079026530138
1397,131.64916645373737
1398,-30.187082058344497
1399,-8.1815874406533
1400,56.88020941948504
1401,3.182248159068422
1402,-77.18658357568856
1403,-1.2224821360808598
1404,-18.315985122592213
1405,78.34923424390892
1406,16.358292103426525
1407,-12.900170164484987
1408,-22.986563275580178
1409,1.0338327684034034
1410,141.9043166704037
1411,-16.254506176413525
1412,-34.779372652104755
1413,59.525218569880394
1414,13.08749835386664
1415,12.156828608540717
1416,-21.575711391162773
1417,-72.64719584139847
1418,-2.141405381344345
1419,-11.188954432027828
1420,-4.923693856399119
1421,14.222894118511238
1422,40.99381018212168
1423,-97.85195388678092
1424,-46.86424222040256
1425,105.65975683794302
1426,-39.227481133958236
1427,97.69624414902552
1428,19.728930742394912
1429,12.348141338304675
1430,25.09338271321121
1431,-40.34954504747117
1432,-90.60506941546365
1433,26.232061909283914
1434,28.265563774707864
1435,29.248314335302425
1436,8.311780094320145
1437,50.74791935925494
1438,19.926466070236508
1439,-58.57393747431921
1440,30.35532810606826
1441,-1.5849981612995698
1442,15.797313216101639
1443,3.4445995512664123
1444,-21.189511559027704
1445,67.93420453797947
1446,-26.99032662916967
1447,-6.806935007134676
1448,24.2684844108099
1449,13.83032805163963
1450,24.479561577051477
1451,34.80762653288397
1452,30.260736067142684
1453,-61.117067285088666
1454,-3.2161823672680363
1455,12.982435570987178
1456,51.24549404633531
1457,73.2451131412217
1458,24.400514782128845
1459,66.12636815223767
1460,75.00759716802888
1461,-6.604878936798595
1462,-68.5902699784951
1463,-66.01065442403475
1464,-17.015286335745575
1465,0.04653314595651281
1466,-18.72044532739326
1467,27.554758332627543
1468,-29.933960358697288
1469,-6.324847411916991
1470,71.87757322994077
1471,-71.30863447212256
1472,-1.1663149279550602
1473,-18.989513828118714
1474,-51.69682276422884
1475,-132.91277044855374
1476,68.2569659993965
1477,-19.091364398180882
1478,-41.514549589216415
1479,11.284308732501898
1480,-42.920160104362026
1481,30.65520074751017
1482,-57.82163223130274
1483,35.80710369350876
1484,32.36025472060281
1485,4.818854942195511
1486,-20.755599777419842
1487,-85.03638086843151
1488,-5.643539853105299
1489,10.966276812014609
1490,-34.33651396961032
1491,18.96580992686756
1492,-5.320043190130807
1493,-30.69219284681044
1494,1.6876672649445688
1495,16.429778624283685
1496,10.809145773432775
1497,16.388282615518243
1498,90.85610135068364
1499,-21.483720853810414
1500,26.116061518574824
1501,-79.95626904211574
1502,12.40500329165236
1503,53.381272147662486
1504,-21.07317225778711
1505,56.53655194560967
1506,-16.408125342892586
1507,-46.965474483338284
1508,5.562643242531047
1509,-44.66850585555672
1510,-38.27219659698882
1511,88.31633077830858
1512,-28.350241388353698
1513,7.410322869899833
1514,37.18527648762502
1515,14.476225466013972
1516,37.51822479835796
1517,52.38670021423792
1518,-4.155609680223559
1519,58.48449667098855
1520,-79.4552411450045
1521,66.46569123385841
1522,-58.91631934909282
1523,-64.37231273323238
1524,11.403451198394347
1525,53.53546388694399
1526,22.938870731433532
1527,6.1114623171392655
1528,-1.9342215104314775
1529,21.01228421547636
1530,-2.5665528517362333
1531,138.6351695170604
1532,-3.661473166150291
1533,-27.14756030692295
1534,26.382211097925367
1535,4.8843719268021175
1536,46.08778970612806
1537,29.959336230813587
1538,49.37812859365961
1539,-7.33693401462995
1540,32.859824856915296
1541,28.34545575464437
1542,-30.623145586187203
1543,72.04231029828895
1544,3.5307991872907483
1545,-70.94016539077055
1546,28.25651926437921
1547,-21.139867060050445
1548,57.10841112174502
1549,53.429797179507005
1550,38.79580637706211
1551,-39.11545003960076
1552,51.49867946297594
1553,-10.351906944514614
1554,-72.27603171774247
1555,-7.724100245045815
1556,73.56113300734589
1557,13.427716618860533
1558,-67.31709196551
1559,147.43276969099654
1560,9.869954244420676
1561,-49.64500976262602
1562,58.81697272607106
1563,-95.74526001426521
1564,-22.786853858015117
1565,106.40162827147557
1566,-11.8733581393954
1567,-3.5737775142713772
1568,9.040021497703023
1569,26.703167532178533
1570,3.2601764654339433
1571,-13.89428298255029
1572,-23.175308181592097
1573,-37.49299741878893
1574,-28.901355041474243
1575,18.482883824473284
1576,31.229974284313844
1577,-50.87636489012293
1578,4.516727062306501
1579,-14.375603957615478
1580,103.68561018144166
1581,49.7213125064736
1582,56.25250073453296
1583,-24.488352884603895
1584,5.227125742848269
1585,-62.046309116538296
1586,58.54256027905717
1587,34.33743107198045
1588,-46.54184348894192
1589,28.367385010171688
1590,-14.297971468159378
1591,30.682734595117108
1592,-18.991318287684262
1593,-70.8161139915455
1594,-1.447547415986282
1595,14.750132210380745
1596,25.358838373726638
1597,36.06986209699565
1598,26.560119749476634
1599,-21.160084245470895
1600,10.204654196178094
1601,2.2651227463362176
1602,11.968436080208479
1603,-10.132821672563008
1604,90.93970977134411
1605,-5.3945208832512535
1606,-15.802389956897816
1607,-11.445054915169838
1608,22.058352353902098
1609,-17.983954962531467
1610,3.8547745037134327
1611,23.029278195155893
1612,40.3643640063829
1613,-2.275221596903691
1614,118.62780082178645
1615,-70.01381438112492
1616,17.496419742945594
1617,49.05514150889431
1618,-64.54984099356568
1619,104.05325727628112
1620,13.313596380675616
1621,43.34685486852089
1622,22.199917649620136
1623,-42.62365342357798
1624,72.86243701895253
1625,-11.143883985104278
1626,-53.000000698747456
1627,-54.82531800147474
1628,-32.36794201257514
1629,20.173820780938616
1630,-12.747049102244876
1631,47.54685253462892
1632,-34.50742706483588
1633,-49.05980814534563
1634,-3.746981493842018
1635,96.24181007786923
1636,107.8467210068924
1637,105.53919886744961
1638,-56.545063652848384
1639,-0.5571152966021771
1640,31.002807525069027
1641,41.0396672133283
1642,-41.36822195413694
1643,-17.10836836374232
1644,2.536288847427741
1645,28.490709916879723
1646,-28.300654961327336
1647,56.6916281427671
1648,75.78342324898236
1649,41.9847581839541
1650,-3.6828305242606945
1651,36.696844766033635
1652,45.12235676121914
1653,-11.780257546471542
1654,33.603348407679476
1655,-3.9611520019806044
1656,-12.088972410445919
1657,-21.90288721048655
1658,50.49087046231867
1659,-7.223263541642883
1660,-19.368149390662953
1661,17.130980312274854
1662,-55.55612789946245
1663,42.57729753983908
1664,30.94933032381997
1665,10.245168379845897
1666,-99.8594252969269
1667,-35.09527482432382
1668,-21.56449182576495
1669,8.148420070945907
1670,5.6210667493567925
1671,87.32736959090379
1672,32.76768632965132
1673,33.720234686892084
1674,-0.289822526867372
1675,-75.89920606306276
1676,-22.060116014183645
1677,16.31639186245149
1678,-44.40397155917145
1679,54.195386485665736
1680,-41.290947286609466
1681,16.111082676735766
1682,-3.0525996443063868
1683,79.93258769186575
1684,110.72400896955871
1685,-47.641526109567764
1686,65.00015653319824
1687,54.19122759925372
1688,99.03667449152556
1689,16.12027123922176
1690,-56.706359011900304
1691,-40.0889089787601
1692,91.8728795441094
1693,85.90986537913892
1694,76.39277045272505
1695,19.487444533893505
1696,-29.305868756088078
1697,210.59503340037932
1698,57.93384790653391
1699,31.787355140048028
1700,7.46366864546588
1701,21.012801553018917
1702,74.09907545966956
1703,-72.73305778917963
1704,44.81070680765504
1705,-16.988410008116755
1706,-47.833431108746325
1707,-53.149475417686475
1708,-23.673806304302563
1709,-61.58772964354422
1710,8.024680349160139
1711,33.46701740986791
1712,-7.188339908238195
1713,85.28943265629155
1714,42.10003528242457
1715,-17.14034588551503
1716,41.02073510428399
1717,123.85835280983608
1718,19.52393575827769
1719,-87.99497930863544
1720,18.847930501042615
1721,4.236682059740097
1722,51.04509140964902
1723,52.62568546030228
1724,-77.4368945463792
1725,1.6034778801637337
1726,90.87257952347103
1727,54.703933348813976
1728,15.751247733957726
1729,-29.44157341784197
1730,21.199307235419994
1731,46.102507210505784
1732,-6.085246154465995
1733,-33.0571292275864
1734,-4.382196494622114
1735,6.6632135818858735
1736,-99.24979943436156
1737,-15.545693950333028
1738,-16.17610630280063
1739,40.63343865683734
1740,92.04112128422844
1741,-60.79188477188674
1742,-19.508277890938356
1743,-14.514034797584653
1744,55.803018988700316
1745,-45.62483739990492
1746,-19.48521323019276
1747,-54.29418794417798
1748,-5.351613987678942
1749,-45.363312164610704
1750,-43.18833806236013
1751,37.25477284169206
1752,-17.659320096858888
1753,2.3467004118644432
1754,7.921015866837262
1755,109.27473038877741
1756,-26.74651015416222
1757,46.60163989928611
1758,-20.923863532791767
1759,-24.551090716078942
1760,8.366788694586315
1761,-20.06870642879218
1762,16.291741985082414
1763,-53.87112875155023
1764,13.654389217394247
1765,75.86732519255168
1766,77.77603408911486
1767,-43.000345343677935
1768,-36.1880116421912
1769,-40.91988798993941
1770,-21.80214876777659
1771,-81.45577986478175
1772,9.261556573891216
1773,-47.54216454554833
1774,-8.05126268187675
1775,-21.807820429793306
1776,18.310325457347684
1777,0.8420765913584809
1778,-9.576371881626063
1779,-87.859931077666
1780,41.937673360058085
1781,36.40421313135238
1782,-47.34893773601411
1783,23.391757116969163
1784,-4.684104059925641
1785,-122.40281407416751
1786,-13.068644647333112
1787,4.654916810330919
1788,3.424194871816802
1789,-20.787740899081367
1790,-8.881202654967751
1791,-14.052436968128927
1792,-80.67634714538225
1793,2.5993075649185755
1794,28.781183756597727
1795,2.93765142449368
1796,47.27932694368475
1797,-48.81985675792211
1798,10.062394360602884
1799,68.70178797615262
1800,-0.969664007071831
1801,25.264665901830902
1802,-12.243596895983195
1803,-15.72490799477082
1804,-77.43239195260108
1805,14.351637501003651
1806,17.770522309898283
1807,27.96361765705582
1808,26.562085504740686
1809,-81.67814702176665
1810,106.77574159563096
1811,1.0547365898268133
1812,-31.406459440586783
1813,-91.49083430475696
1814,18.052578390660976
1815,-47.06705869403875
1816,3.932691770586141
1817,-18.387121794387884
1818,25.602689475640368
1819,34.52950068726122
1820,40.73015092942071
1821,23.580511008870584
1822,-54.527324251137415
1823,-31.047095069795578
1824,32.74132749275212
1825,15.626086606046913
1826,223.58846955034358
1827,16.566738521630935
1828,79.43120354927223
1829,41.13421809694599
1830,-38.87348143738684
1831,-53.17178145873133
1832,26.782707724179836
1833,15.977482201433165
1834,-44.92945957743848
1835,-20.036484354487815
1836,-2.6136204506633582
1837,-10.087009485282582
1838,38.211303793546676
1839,-15.934648954862038
1840,25.561358878005684
1841,-0.12813053539765207
1842,51.82709181267336
1843,-12.793553144864273
1844,-24.78243140359393
1845,31.748241227807586
1846,11.52110119861237
1847,17.596451887441717
1848,1.3271099175326988
1849,60.74614277093001
1850,6.306546300215977
1851,69.26217262165305
1852,57.702307800051614
1853,-64.81609232358196
1854,-0.48581014581266047
1855,27.2095736976799
1856,-34.8967131379121
1857,-37.934389624973264
1858,-39.23709784811976
1859,-24.189254465354548
1860,10.65280706233223
1861,-101.45059557430328
1862,1.6182593231064466
1863,5.20043397824141
1864,-12.976229979199626
1865,47.389111405120445
1866,1.5615714991506522
1867,-33.77472692971017
1868,-35.579430296250194
1869,193.80212115428597
1870,63.743187930402186
1871,75.46486793505692
1872,-64.82173264746908
1873,-23.26611099022323
1874,39.28280017094171
1875,20.67284948679373
1876,-72.6703642099876
1877,-20.70462394427801
1878,35.075843460323796
1879,42.25667677787145
1880,21.254791289289336
1881,-58.91168210843608
1882,-44.9758488880795
1883,4.953078345505578
1884,-44.211651395253995
1885,57.3179832091116
1886,41.54812308952131
1887,-6.978657272549949
1888,3.969554353069732
1889,-70.08001109417623
1890,21.64392284898301
1891,24.959191036867
1892,43.85779308009147
1893,141.66886241507254
1894,-133.0055166923733
1895,102.04128442893749
1896,31.618201752127643
1897,-88.98967220824308
1898,2.772107453074728
1899,28.682975254799445
1900,-41.4664454508771
1901,-0.7895422453434158
1902,-73.97427023882693
1903,-37.1648128100001
1904,79.4749271078592
1905,28.17906718367666
1906,-47.297262816773625
1907,-51.28628110340219
1908,-16.979426127352017
1909,2.6880937099624624
1910,-2.4522252474509827
1911,39.38718753444957
1912,-16.182558770957076
1913,28.843877666110217
1914,16.136669789486564
1915,-8.339211759661367
1916,-43.18994092737175
1917,-57.73654136563836
1918,11.783727665577938
1919,2.5974886751928103
1920,87.49553520513201
1921,-7.132183633237499
1922,-39.11891926563803
1923,-9.968641853513809
1924,-25.4813564397185
1925,104.77516181471199
1926,42.930621879850335
1927,17.958690708220374
1928,-42.51676494159284
1929,28.010513833813775
1930,59.412070469085364
1931,-54.002038715699314
1932,-87.0102445862685
1933,-17.50502723705856
1934,-21.766896331367956
1935,-27.867038626470556
1936,34.524542660355735
1937,39.42992642143959
1938,-113.96178721265073
1939,15.723590539149152
1940,54.99933933205895
1941,59.65380580647971
1942,-89.55281246003312
1943,-69.24700750982669
1944,36.08251636620592
1945,2.3238331080610166
1946,-2.106167268224059
1947,-86.60212475554097
1948,0.9132742162449041
1949,61.239323227063664
1950,11.844976303024566
1951,-9.952139174356379
1952,-6.507034002064305
1953,2.4980185081244173
1954,27.2113062853007
1955,-59.68140714864714
1956,-8.951596406878028
1957,-14.690714946172388
1958,54.57424316247118
1959,-73.5654377130591
1960,-44.24762182064937
1961,-50.618048218542526
1962,105.41584354843356
1963,-65.13935412502984
1964,37.242724613485024
1965,-16.741486719415928
1966,8.322452576119424
1967,63.07745113649813
1968,18.155274606805193
1969,-81.11920923527569
1970,127.24562474708033
1971,-21.88003067010545
1972,-10.246689063236747
1973,16.300952747044672
1974,-52.408536495554216
1975,0.48899127917129803
1976,-15.619291127542592
1977,69.47602477429594
1978,23.691016875358194
1979,48.732973397051055
1980,31.065127621376316
1981,-40.8750065333103
1982,43.6993979310371
1983,95.35131726962703
1984,11.27551960452683
1985,-59.77235391920098
1986,55.57365337239631
1987,-7.244772389593393
1988,-20.017819597711306
1989,-0.6926620437447504
1990,-20.008040927618143
1991,97.22500777725924
1992,-14.447392270198502
1993,38.55970521323576
1994,-31.551253300551902
1995,81.6056527602306
1996,-2.2766158997608805
1997,-19.357193026127053
1998,-27.99777309689353
1999,33.98329051360382
2000,-38.20004864792266
2001,75.13029466052858
2002,63.58484463377229
2003,-67.9739979628293
2004,-21.77602757473301
2005,123.48691492121469
2006,-12.168886418230716
2007,2.9184699666491127
2008,-0.0015068358498915302
2009,-28.3948666176402
2010,42.03388417342342
2011,74.63423850710824
2012,11.695571794363719
2013,-12.667474827625309
2014,-26.106646779025407
2015,95.36496513065958
2016,-30.815702787991658
2017,21.995112041303816
2018,49.212676967019306
2019,-1.1669631898169541
2020,3.680103537533519
2021,-77.13855365951144
2022,5.050132858893232
2023,-25.899113628879146
2024,161.28286652681078
2025,43.62254388955937
2026,37.602389400132125
2027,-27.402145482902913
2028,-110.87795896059583
2029,-17.62487617154711
2030,-10.887469501792872
2031,123.43185630145094
2032,32.35522304592824
2033,-5.6565886031756385
2034,104.09938268969998
2035,54.15874561076363
2036,16.324866136024806
2037,17.097678748665142
2038,9.099894376614102
2039,40.82774412069257
2040,-10.18320928697576
2041,24.59300943384793
2042,4.038955936099779
2043,28.987496879833177
2044,-21.92354592273001
2045,71.25755763752113
2046,15.06137293247328
2047,-15.278784856461744
2048,15.314128055325744
2049,-44.194737350273314
2050,-22.167784886929123
2051,33.6369984470915
2052,-15.44114272298464
2053,-3.959475535204671
2054,-3.4414649188490145
2055,11.642131836205886
2056,46.788611806606426
2057,41.897509415731946
2058,-50.81568040586089
2059,-0.8370393411091293
2060,62.90610492123433
2061,-51.68994094234394
2062,73.71076723615398
2063,87.31100648709986
2064,-66.55183832794741
2065,12.45581023527383
2066,45.09258931396927
2067,2.4327857399018065
2068,99.40532752890512
2069,-40.579573397617736
2070,17.56271693931539
2071,15.37384262330536
2072,-40.979878167894555
2073,44.43830930745376
2074,107.5690576785007
2075,63.12570107709989
2076,64.94400476545763
2077,-58.24512852284812
2078,26.2939859076087
2079,120.35486947701594
2080,-146.5227387372337
2081,-33.80649751356596
2082,142.42570382100905
2083,113.1366221525351
2084,-64.42867332350687
2085,-23.35514919819808
2086,42.57834379496188
2087,-35.70125980944398
2088,-65.40578927725362
2089,-6.54106408414459
2090,-49.47139088546757
2091,114.5361930150947
2092,-2.964255699309696
2093,23.72129748842541
2094,-20.355531942976352
2095,12.32188675926038
2096,-26.841857089268284
2097,70.78535839478681
2098,1.6052301833087235
2099,-4.319915759908017
2100,-10.776757563639272
2101,20.82724556645184
2102,5.156050004688447
2103,115.65464058125917
2104,-12.768687324059531
2105,-43.6716404586024
2106,-21.571289370851293
2107,-18.846726562191296
2108,63.713519598138234
2109,-20.576755994095063
2110,-88.56663061233364
2111,-67.79398853243109
2112,0.5941203732354339
2113,21.79275105091116
2114,-24.411868794304677
2115,93.23386458579407
2116,-25.63544394414927
2117,-57.47852357868396
2118,23.674138045847805
2119,-16.18793334418697
2120,-60.657732142708525
2121,-30.716965121989507
2122,5.095992600203218
2123,-14.718955982419782
2124,-59.756831064726384
2125,16.60797114598165
2126,14.989013756882999
2127,-22.199597153384
2128,-5.000417016025825
2129,-63.71306173191532
2130,27.597058405798904
2131,46.40013582662276
2132,6.87889880288383
2133,186.82618345830429
2134,121.0771621767237
2135,-47.101833919127984
2136,-6.093721372084648
2137,13.655660867994484
2138,-5.998716281866091
2139,38.80140388007202
2140,-9.179231429040556
2141,-43.83035493839449
2142,17.231621330274514
2143,-9.844896354956788
2144,30.771691915536994
2145,-63.73858862340012
2146,-18.930050785745177
2147,59.12198990866665
2148,2.0275689667508523
2149,-139.47763470938312
2150,-2.3511599675784716
2151,-60.770735454494854
2152,30.821836786152037
2153,32.75743220909234
2154,54.24158884973393
2155,96.68197952009646
2156,-14.872126870865895
2157,124.98962201325018
2158,-25.02745252055679
2159,-0.7198479720132589
2160,9.193908074468744
2161,22.51880407165298
2162,-48.2480649546976
2163,68.13632854733012
2164,-10.32419004219036
2165,-3.2256839333588907
2166,53.42851774021413
2167,121.37372760474753
2168,-78.98492213865185
2169,27.594235137471024
2170,79.2617724625826
2171,14.504587899961603
2172,1.396051934137585
2173,39.04004625810569
2174,-30.25113762095705
2175,-70.14576305527252
2176,52.982712573433304
2177,8.839469536400387
2178,-22.334392763770733
2179,2.906058199615803
2180,7.948430146554692
2181,-10.999465004661882
2182,33.200316458217884
2183,-15.100172824678221
2184,20.26127494087018
2185,-65.90300473587489
2186,33.87679753110114
2187,29.419067485169975
2188,84.02759080826445
2189,40.97843200309255
2190,-7.590577337422335
2191,-71.17985384698434
2192,-32.51440871046729
2193,17.30616500399258
2194,-29.937537832526285
2195,-32.737369447051364
2196,-34.805278974839965
2197,-84.47462116337078
2198,-49.731568716897385
2199,18.717117312918987
2200,113.13897129607753
2201,35.40641353063757
2202,-46.713263912240365
2203,31.10792216980058
2204,29.22291672349932
2205,8.604066577538891
2206,-34.80840102359012
2207,67.92387235196855
2208,44.59864235359268
2209,0.6556497464778666
2210,85.50390867712767
2211,0.07314219275260214
2212,72.71177221484585
2213,-3.885182785062387
2214,55.90913311777656
2215,-26.223358525314556
2216,-11.841813157170325
2217,-7.594555477688331
2218,-5.175105736532082
2219,55.920551136860595
2220,-20.191751430896364
2221,17.46111323123282
2222,-53.309317831252855
2223,36.875503911201136
2224,28.757591818987315
2225,2.3709898213598883
2226,-62.895072821093464
2227,122.84091052884648
2228,-19.613886366134576
2229,-20.57450828812127
2230,-33.23271254334462
2231,-19.309988869768045
2232,4.90695509356123
2233,-18.256638680588242
2234,0.7915900580320105
2235,-25.65876155870708
2236,9.15827132358664
2237,-90.22271940813407
2238,-6.030981298015767
2239,45.495189741896795
2240,39.99993750687156
2241,27.790929472082215
2242,-101.45424983404266
2243,-14.515170832680678
2244,-13.127099420916505
2245,-1.624138186611475
2246,-69.50490432764354
2247,-40.581239863748195
2248,39.25193525706602
2249,18.106082302114096
2250,14.487159086495105
2251,129.2475629838549
2252,-29.914968190998263
2253,-88.32832096639356
2254,-41.271170403432876
2255,92.89558377388785
2256,-25.27166255304068
2257,65.26294131268644
2258,-37.47690774306281
2259,-111.55463017445774
2260,6.107633122266522
2261,-65.07628003946182
2262,-45.43888418355283
2263,65.45376402850134
2264,38.790769847164015
2265,33.14517439807241
2266,9.669939357734656
2267,8.222956711840263
2268,-126.60611124005649
2269,14.376237585586862
2270,-15.4337100581952
2271,-23.481094417222717
2272,-37.907255602455734
2273,-55.208222747789634
2274,-20.27421874729664
2275,-40.20722636223138
2276,51.45579457101519
2277,-47.71520459156383
2278,15.436456581178415
2279,-35.895953288300205
2280,-39.16646453260081
2281,1.7075170159770856
2282,-99.46463912380905
2283,-31.542814660733168
2284,55.28260831984413
2285,-2.7601345473555945
2286,53.70901973702887
2287,37.471699297744834
2288,-35.881303860445
2289,39.804476339717596
2290,26.5496313886365
2291,41.73482605399579
2292,57.464567335727224
2293,35.00801696098256
2294,-41.0909934990911
2295,38.75370296226555
2296,-13.454754323191832
2297,-29.50793890871076
2298,-47.206879946814425
2299,-34.04990491603928
2300,69.05411987540357
2301,-32.184214548695024
2302,-53.609244408003775
2303,23.276757222379413
2304,-90.17623785096248
2305,129.71996353014208
2306,-47.93714680682079
2307,-20.69520181321162
2308,-29.308393829534804
2309,-1.3154175320536687
2310,112.21288272788576
2311,88.227272123201
2312,-7.173916327462411
2313,53.14276275716979
2314,-20.924507772069976
2315,1.3152296626699815
2316,-11.936959973259778
2317,-91.70339344446273
2318,73.48869359132681
2319,28.732712295944815
2320,-13.561030890681106
2321,52.2909416867963
2322,58.151490595694625
2323,-34.585226277029975
2324,39.42479037986711
2325,-55.929805216552126
2326,-45.6632539943286
2327,161.3397222594317
2328,-0.5706016891188632
2329,-7.018147294327083
2330,10.227684166947547
2331,49.98626630201268
2332,-3.9476417697538615
2333,-58.127516280522485
2334,-40.18297114458808
2335,42.93061079911338
2336,44.99944448571607
2337,37.35516730762478
2338,68.80374926393225
2339,1.7312936171545452
2340,72.13263909627364
2341,67.94348838530769
2342,6.704995510178758
2343,-64.64574875796313
2344,6.671348112365742
2345,-25.916178760865673
2346,39.61555638778215
2347,24.1113227122161
2348,16.632902965512653
2349,23.08464854087002
2350,-30.67194259588781
2351,-7.657072668875518
2352,-28.73680566173633
2353,-51.12508527830245
2354,-7.279747035901909
2355,-42.40535203616125
2356,46.246576547405226
2357,-30.283986526234155
2358,40.20435393521785
2359,0.9168006104517623
2360,50.535883266195086
2361,51.34859396196545
2362,19.976471288114528
2363,-35.749010771434286
2364,-36.34744580729232
2365,-43.1363890855672
2366,91.32601481748992
2367,27.107710044052784
2368,-0.21095436452755933
2369,30.35751497478545
2370,32.904243928496086
2371,-55.765609125978386
2372,50.19239734955634
2373,51.865552428371316
2374,-22.831754993098098
2375,40.09939243766478
2376,-3.226842069208903
2377,7.503674505756695
2378,-15.7960582498166
2379,-9.731599714376497
2380,-46.74707102589757
2381,-27.812777986460087
2382,36.41636715913759
2383,72.55300323789159
2384,-40.10430578981281
2385,-29.792164966719415
2386,41.37682327015999
2387,-52.25384158228512
2388,-28.112390639837766
2389,1.932707528505638
2390,33.359506382238344
2391,38.57586711744655
2392,158.5273183092205
2393,21.483388469540277
2394,-65.0560854120963
2395,25.163068311343256
2396,-47.92812592338217
2397,-69.11056274756719
2398,-13.282780004215848
2399,-16.3566533718127
2400,94.78832526897777
2401,58.61863779330463
2402,-6.820926971965967
2403,5.731307516770622
2404,97.83679480381802
2405,-11.525487071235947
2406,17.748357975730794
2407,22.411150708556022
2408,-20.853764472019538
2409,22.363977337632395
2410,-6.235410946448905
2411,-33.29318764401695
2412,-43.32690622821623
2413,81.29333677663232
2414,52.12201010126843
2415,-136.3731728572291
2416,90.45389583635733
2417,-58.08503948603301
2418,5.349273469761616
2419,-20.470882894717047
2420,7.7740793633378225
2421,-103.89805298261373
2422,26.333165100282464
2423,-25.23178250788467
2424,112.03139530472397
2425,-24.00048944174466
2426,9.73862180484382
2427,-51.58304812116333
2428,-0.9372858773305133
2429,9.000783732842256
2430,-84.48712937393776
2431,-8.124698025249291
2432,71.3420987909656
2433,98.93717464272558
2434,34.54215404628086
2435,19.88479912152451
2436,6.123427785355798
2437,-2.3583924887397814
2438,-27.770693580061863
2439,45.238000969312964
2440,107.2114297486589
2441,27.47313151856256
2442,51.534964020989136
2443,-30.389027469349966
2444,-63.55895886942017
2445,65.44930899896764
2446,7.234491662834664
2447,-129.14660351008538
2448,-63.46824367817847
2449,50.67486725168858
2450,-22.554312976780782
2451,-14.057436907853596
2452,63.83408928321053
2453,17.42476191150105
2454,42.889258940799095
2455,22.61272190883215
2456,8.676121999895937
2457,34.336521341826334
2458,25.953338090544634
2459,38.08989487146086
2460,75.75645361812344
2461,30.099918710531515
2462,45.746182485121004
2463,-21.55223773074228
2464,-4.566777840454005
2465,60.08510499530993
2466,57.84349543753147
2467,149.3229976578115
2468,-15.255771288370251
2469,-17.207893521689403
2470,-8.188606330411528
2471,38.360144139638535
2472,169.44777060455067
2473,-62.16845315780198
2474,-41.07875091837215
2475,85.34447193289313
2476,-46.1267546483528
2477,-15.02524384456569
2478,-25.723482071631867
2479,-56.73973724659504
2480,57.30467535412606
2481,-12.91206152140202
2482,-11.56412453029785
2483,9.48941594384618
2484,35.89299408215399
2485,13.025049875888874
2486,18.26152823413253
2487,-41.500918824367446
2488,80.51616127851399
2489,48.352085114705346
2490,-11.486507541406485
2491,-9.920889667848538
2492,55.662875746607654
2493,-35.95674986124703
2494,-12.877964398812185
2495,5.490564798295601
2496,26.914747968145218
2497,-15.233872583906699
2498,-13.026880620275431
2499,-51.82646359200261
2500,139.38873604022513
2501,93.73584020551596
2502,-66.98986649121748
2503,135.78506606621127
2504,38.40584640867419
2505,115.83405542147963
2506,-14.009365537550106
2507,17.63841986503097
2508,108.35693912319347
2509,7.585364570165954
2510,37.16011264300673
2511,10.8509000696924
2512,52.13381793513172
2513,-2.3103684984497583
2514,41.28950772597726
2515,-68.28705313861896
2516,9.048501330507836
2517,6.331876351967093
2518,134.98961113701924
2519,40.48743175044925
2520,148.29411114374864
2521,76.15110255460688
2522,-19.08803528342197
2523,-34.003480191770095
2524,-106.15209957371167
2525,131.5891283659462
2526,-22.697974711631712
2527,-43.11837945789243
2528,230.39113101905826
2529,-21.677445583999262
2530,37.21007098575568
2531,73.88894018400003
2532,53.766487075593815
2533,-28.690794934588634
2534,47.42269654957778
2535,81.79063349183117
2536,23.255326743912907
2537,84.04138237036263
2538,12.867808292284867
2539,19.050669872539846
2540,-53.82675832493814
2541,31.10007612453732
2542,-17.17567853750253
2543,180.23666191360385
2544,48.428707607542606
2545,-2.3045816595706654
2546,-42.88689546443452
2547,-16.388561061407255
2548,33.4383633405227
2549,-20.540717808304617
2550,-102.35660886976822
2551,77.5240670677058
2552,-25.422425788345738
2553,10.21572910523119
2554,190.68329351734016
2555,-34.51996367044674
2556,-29.998306256552755
2557,-55.51123920695663
2558,91.09091399851715
2559,1.3130278061051008
2560,-93.45732262462137
2561,33.286492082352126
2562,-26.660263688892567
2563,6.4991587359640945
2564,44.95787159599428
2565,7.403938440258923
2566,-2.1194717102681118
2567,-11.418127038644606
2568,-11.449180609574217
2569,181.99261855439
2570,132.42410990806803
2571,1.82923704545372
2572,-39.201983250695164
2573,-20.579047797703733
2574,35.59408670209318
2575,-42.14483954309024
2576,1.5383187744217786
2577,49.17400080203201
2578,-65.63843205652242
2579,-34.32390991488084
2580,16.43146393107842
2581,16.07268303988082
2582,40.736454341791905
2583,-93.36659586959529
2584,-27.683833298439023
2585,-34.50729278327506
2586,91.1322323433667
2587,150.6065415490884
2588,-56.63589873842379
2589,-9.008706309214201
2590,26.267127781072215
2591,66.97450807090341
2592,-35.806692425288546
2593,-38.456413431772845
2594,-2.181283738050457
2595,-34.672722028706175
2596,-14.754805699869035
2597,-115.97724419249403
2598,-31.86775744674244
2599,-53.756020218444235
2600,111.86642299450345
2601,96.07696981357576
2602,-4.9953996635465465
2603,11.067714834410587
2604,20.89613597288709
2605,96.95941309860419
2606,-14.28073274723901
2607,7.026341758878056
2608,9.913230191757116
2609,1.354884707745736
2610,23.399924741862595
2611,-35.29399887527144
2612,63.85095006999856
2613,-0.45309925960684794
2614,89.54285067660227
2615,48.084300544624966
2616,64.33671535010588
2617,5.6177923997313535
2618,49.65396540322589
2619,-75.1497271076174
2620,18.256601775490825
2621,-45.84861075412597
2622,-58.858523211547876
2623,-47.465858399827326
2624,53.60332006577677
2625,-6.865265988099676
2626,35.40289157585973
2627,34.98440754432667
2628,-23.996276073634593
2629,-30.385887134181328
2630,-13.216146729502238
2631,46.24722748092684
2632,0.7693341983217756
2633,-22.16073310893724
2634,58.49282491372094
2635,4.571604120587594
2636,31.089736688356677
2637,51.51321542466597
2638,-68.2608986365185
2639,62.02593158569073
2640,-115.15160684014103
2641,14.48259033309407
2642,-71.80668940223559
2643,-76.18249819423175
2644,34.145131393554664
2645,6.751581676946925
2646,101.2595647691983
2647,-15.912474020981332
2648,64.98303939361384
2649,35.75909669228356
2650,111.39810436550552
2651,32.55525641492706
2652,-20.18131970316203
2653,-25.79356902569604
2654,80.85529958879148
2655,0.34703232751846613
2656,28.234405643179116
2657,130.17979025962055
2658,-9.725083071080078
2659,142.15178837394956
2660,25.2610416631077
2661,3.2022328748085407
2662,43.263778518531566
2663,20.510136600192645
2664,-18.21197570998812
2665,-6.211759194975681
2666,-8.469762638218182
2667,-40.70107193517353
2668,-2.658835177633719
2669,12.144207210511698
2670,52.28197055703994
2671,33.95385418613817
2672,-36.77100402899359
2673,30.72653530479308
2674,-7.387618734915236
2675,98.75087159492344
2676,14.492067247474626
2677,42.830021784170526
2678,36.38483837870243
2679,-9.224255895201445
2680,-15.479934859699032
2681,27.691368701770493
2682,44.72134359213232
2683,10.750103518460605
2684,61.35285707338504
2685,-32.03633004530022
2686,132.0419009631188
2687,-1.8959094938965428
2688,-75.66586871964105
2689,-9.00771796381116
2690,-11.459887397684664
2691,66.00673920768554
2692,67.44086804312472
2693,-64.82825399723218
2694,-23.43880054258231
2695,-34.9668320085207
2696,94.4259350588137
2697,33.6795623588652
2698,8.006514989110642
2699,42.47876196945481
2700,78.30727708246908
2701,103.69477749262686
2702,5.548355572133712
2703,-9.428797951889347
2704,21.748028724968712
2705,9.664708539015233
2706,-27.242642518103477
2707,7.171230820661243
2708,-41.501134570742806
2709,10.94841756861899
2710,24.94630445105226
2711,-6.934028916163946
2712,37.06961113593535
2713,99.22676865601001
2714,-54.55340490575544
2715,36.38637397228524
2716,-14.840883362528512
2717,16.481735724550692
2718,56.896752293549966
2719,17.401210042414018
2720,33.28267983724656
2721,34.03163122640841
2722,51.92094248660193
2723,-30.453398557379938
2724,-18.86041121716549
2725,38.17418113527833
2726,34.828491184205255
2727,-38.76575167844402
2728,-69.30350203119681
2729,6.060945081213795
2730,164.61933509846816
2731,-6.316968398022137
2732,37.43781049727851
2733,-31.133962268745787
2734,70.76683722743759
2735,23.17060667957095
2736,113.10022699631818
2737,-57.64545542449096
2738,-27.377737264987257
2739,20.572084949731057
2740,-12.459859628980166
2741,22.07419062582358
2742,-19.27410526957659
2743,-50.522291619612275
2744,-53.17095850385081
2745,23.808404799539034
2746,8.28349713217752
2747,-66.63896490351435
2748,13.777003346238669
2749,-17.158963928443352
2750,-44.49052729970967
2751,24.004549724802132
2752,30.105472804428874
2753,16.106786268763706
2754,-11.664283116011276
2755,-5.469680342183754
2756,-19.41248454781896
2757,34.63179206822437
2758,29.464504109049443
2759,-8.164469401791191
2760,-3.2626954680869957
2761,-11.228416358766385
2762,-38.82042407520068
2763,13.048941976153834
2764,-43.36787882377995
2765,-67.56157984759977
2766,68.57001855764412
2767,-19.165155539709975
2768,47.83217439671492
2769,79.49398411385295
2770,-33.507531286897176
2771,-9.807489671013712
2772,-4.16098083797214
2773,-45.333927051702915
2774,3.535232257248442
2775,70.34959480084034
2776,-8.94282893816876
2777,36.04316232443981
2778,-52.04100535588725
2779,-54.48926548083823
2780,-28.052142359469922
2781,-38.30418471589839
2782,12.143780821535483
2783,37.72389214333596
2784,-75.37878901123779
2785,-39.734132907204796
2786,0.23729816819275484
2787,36.018706076362605
2788,-10.063513712630364
2789,46.07384796189412
2790,26.07982284767488
2791,-6.797385766130816
2792,-65.15935655556507
2793,-28.45199252170151
2794,-61.53887943173213
2795,-12.534860822339336
2796,-46.077209822446235
2797,41.63414878171312
2798,45.77820131198715
2799,6.201299807785064
2800,-33.054654390226034
2801,-77.72640312528665
2802,46.98716405282481
2803,-12.159738993280197
2804,-1.930147888463786
2805,-84.00295152496514
2806,17.68202629595805
2807,2.0742822867516857
2808,-3.7159576317845016
2809,-13.014707690384707
2810,13.102222220078906
2811,-58.5193477898417
2812,-13.248428333062616
2813,24.743413004363372
2814,-52.195268735806195
2815,-10.607089757717414
2816,-3.0818293409706286
2817,18.253226033218446
2818,-22.56027200929851
2819,-18.28817490139161
2820,-30.382526217607076
2821,-11.233032507826632
2822,2.6930645235171937
2823,-6.085517035990417
2824,120.94386864092394
2825,-53.930481813402054
2826,-0.26635097420018994
2827,85.44069077425544
2828,21.819380663806605
2829,-35.27726066413426
2830,-75.6604720432855
2831,50.39168566342353
2832,-19.272026620976025
2833,174.54954550467815
2834,126.84860725852135
2835,30.119929184567308
2836,-16.919015736930785
2837,83.80140586548035
2838,-35.25247750705984
2839,-25.38197458776906
2840,1.2722562254321694
2841,39.51122906625123
2842,-62.87685236095115
2843,14.194571781162722
2844,52.960535915966005
2845,16.02427183266147
2846,60.52568762074429
2847,83.35839634427465
2848,31.523370721908837
2849,3.3712365165329192
2850,0.06122050848748373
2851,38.04608718014341
2852,-54.12084878536923
2853,3.296269103023956
2854,16.157531064550632
2855,46.610375309637035
2856,-28.162854057995528
2857,126.21603674228592
2858,75.08493725665019
2859,9.131747028952443
2860,-20.535686746216808
2861,1.9250496857060106
2862,-71.936107425967
2863,85.43735114344292
2864,52.96402641221255
2865,-58.15963151205406
2866,-9.0493359355115
2867,36.20821213331408
2868,10.669373235202727
2869,43.899846349154544
2870,15.966329511863073
2871,10.08524626549833
2872,22.822297059217263
2873,-64.06679456043528
2874,-48.771573923784686
2875,13.945756524310902
2876,100.1336204005307
2877,5.41668019533568
2878,-34.18077836940091
2879,-57.73587605945025
2880,93.0204310644381
2881,-18.776784971477415
2882,-63.38542947407245
2883,69.66149874460876
2884,71.10119253548973
2885,-104.87667694137696
2886,142.60388413565073
2887,-4.570699997324038
2888,7.489143747264979
2889,7.392129147389548
2890,-60.20824186130045
2891,89.3786644324229
2892,11.304893117393783
2893,19.0721030474869
2894,-5.361485882066244
2895,-45.26544409801966
2896,-42.10179384728001
2897,11.181320484377235
2898,4.5261126675375
2899,-0.690257503174653
